contours: 0
299 318
300 318
301 318
302 318
303 318
304 318
305 318
306 318
307 318
308 318
309 318
310 318
311 318
312 318
313 318
314 318
315 318
316 318
317 318
318 318
319 318
320 318
321 318
322 318
323 318
324 318
325 318
326 318
327 318
328 318
329 318
330 318
331 318
332 318
333 318
334 318
335 318
336 318
337 318
338 318
339 318
340 318
341 318
342 318
343 318
344 318
345 318
346 318
347 318
348 318
349 318
350 318
351 318
352 318
353 318
354 318
355 318
356 318
357 318
358 318
359 318
360 318
361 318
362 318
363 318
364 318
365 318
366 318
367 318
368 318
369 318
370 318
371 318
372 318
373 318
374 318
375 318
376 318
377 318
378 318
379 318
380 318
381 318
382 318
383 318
384 318
385 318
386 318
387 318
388 318
389 318
390 318
391 318
392 318
393 318
394 318
395 318
396 318
397 318
398 318
399 318
400 318
401 318
402 318
403 318
404 318
405 318
406 318
407 318
408 318
409 318
410 318
411 318
412 318
413 318
414 318
415 318
416 318
417 318
417 319
417 320
417 321
417 322
417 323
417 324
417 325
417 326
417 327
417 328
417 329
417 330
417 331
417 332
417 333
417 334
417 335
417 336
417 337
417 338
417 339
417 340
417 341
417 342
417 343
417 344
417 345
417 346
417 347
417 348
417 349
417 350
417 351
417 352
417 353
417 354
417 355
417 356
417 357
417 358
417 359
417 360
417 361
417 362
417 363
417 364
417 365
417 366
417 367
417 368
417 369
417 370
417 371
417 372
417 373
417 374
417 375
417 376
417 377
417 378
417 379
417 380
417 381
417 382
417 383
417 384
417 385
417 386
417 387
417 388
417 389
417 390
417 391
417 392
417 393
417 394
417 395
417 396
417 397
417 398
417 399
417 400
417 401
417 402
417 403
417 404
417 405
416 405
415 405
414 405
413 405
412 405
411 405
410 405
409 405
408 405
407 405
406 405
405 405
404 405
403 405
402 405
401 405
400 405
399 405
398 405
397 405
396 405
395 405
394 405
393 405
392 405
391 405
390 405
389 405
388 405
387 405
386 405
385 405
384 405
383 405
382 405
381 405
380 405
379 405
378 405
377 405
376 405
375 405
374 405
373 405
372 405
371 405
370 405
369 405
368 405
367 405
366 405
365 405
364 405
363 405
362 405
361 405
360 405
359 405
358 405
357 405
356 405
355 405
354 405
353 405
352 405
351 405
350 405
349 405
348 405
347 405
346 405
345 405
344 405
343 405
342 405
341 405
340 405
339 405
338 405
337 405
336 405
335 405
334 405
333 405
332 405
331 405
330 405
329 405
328 405
327 405
326 405
325 405
324 405
323 405
322 405
321 405
320 405
319 405
318 405
317 405
316 405
315 405
314 405
313 405
312 405
311 405
310 405
309 405
308 405
307 405
306 405
305 405
304 405
303 405
302 405
301 405
300 405
299 405
299 404
299 403
299 402
299 401
299 400
299 399
299 398
299 397
299 396
299 395
299 394
299 393
299 392
299 391
299 390
299 389
299 388
299 387
299 386
299 385
299 384
299 383
299 382
299 381
299 380
299 379
299 378
299 377
299 376
299 375
299 374
299 373
299 372
299 371
299 370
299 369
299 368
299 367
299 366
299 365
299 364
299 363
299 362
299 361
299 360
299 359
299 358
299 357
299 356
299 355
299 354
299 353
299 352
299 351
299 350
299 349
299 348
299 347
299 346
299 345
299 344
299 343
299 342
299 341
299 340
299 339
299 338
299 337
299 336
299 335
299 334
299 333
299 332
299 331
299 330
299 329
299 328
299 327
299 326
299 325
299 324
299 323
299 322
299 321
299 320
299 319
contours: 1
296 163
297 163
298 163
299 163
300 163
301 163
302 163
303 163
304 163
305 163
306 163
307 163
308 163
309 163
310 163
311 163
312 163
313 163
314 163
315 163
316 163
317 163
318 163
319 163
320 163
321 163
322 163
323 163
324 163
325 163
326 163
327 163
328 163
329 163
330 163
331 163
332 163
333 163
334 163
335 163
336 163
337 163
338 163
339 163
340 163
341 163
342 163
343 163
344 163
345 163
346 163
347 163
348 163
349 163
350 163
351 163
352 163
353 163
354 163
355 163
356 163
357 163
358 163
359 163
360 163
361 163
362 163
363 163
364 163
365 163
366 163
367 163
368 163
369 163
370 163
371 163
372 163
372 164
372 165
372 166
372 167
372 168
372 169
372 170
372 171
372 172
372 173
372 174
372 175
372 176
372 177
372 178
372 179
372 180
372 181
372 182
372 183
372 184
372 185
372 186
372 187
372 188
372 189
372 190
372 191
372 192
372 193
372 194
372 195
372 196
372 197
372 198
372 199
372 200
372 201
372 202
372 203
372 204
372 205
372 206
372 207
372 208
372 209
372 210
372 211
372 212
372 213
372 214
372 215
372 216
372 217
372 218
372 219
372 220
372 221
372 222
372 223
372 224
372 225
372 226
372 227
372 228
372 229
372 230
372 231
372 232
372 233
372 234
372 235
372 236
372 237
372 238
372 239
372 240
371 240
370 240
369 240
368 240
367 240
366 240
365 240
364 240
363 240
362 240
361 240
360 240
359 240
358 240
357 240
356 240
355 240
354 240
353 240
352 240
351 240
350 240
349 240
348 240
347 240
346 240
345 240
344 240
343 240
342 240
341 240
340 240
339 240
338 240
337 240
336 240
335 240
334 240
333 240
332 240
331 240
330 240
329 240
328 240
327 240
326 240
325 240
324 240
323 240
322 240
321 240
320 240
319 240
318 240
317 240
316 240
315 240
314 240
313 240
312 240
311 240
310 240
309 240
308 240
307 240
306 240
305 240
304 240
303 240
302 240
301 240
300 240
299 240
298 240
297 240
296 240
296 239
296 238
296 237
296 236
296 235
296 234
296 233
296 232
296 231
296 230
296 229
296 228
296 227
296 226
296 225
296 224
296 223
296 222
296 221
296 220
296 219
296 218
296 217
296 216
296 215
296 214
296 213
296 212
296 211
296 210
296 209
296 208
296 207
296 206
296 205
296 204
296 203
296 202
296 201
296 200
296 199
296 198
296 197
296 196
296 195
296 194
296 193
296 192
296 191
296 190
296 189
296 188
296 187
296 186
296 185
296 184
296 183
296 182
296 181
296 180
296 179
296 178
296 177
296 176
296 175
296 174
296 173
296 172
296 171
296 170
296 169
296 168
296 167
296 166
296 165
296 164
contours: 2
184 274
185 274
186 274
187 274
188 274
189 274
190 274
191 274
192 274
193 274
194 274
195 274
196 274
197 274
198 274
199 274
200 274
201 274
202 274
203 274
204 274
205 274
206 274
207 274
208 274
209 274
210 274
211 274
212 274
213 274
214 274
215 274
216 274
217 274
218 274
219 274
220 274
221 274
222 274
223 274
224 274
225 274
226 274
227 274
228 274
229 274
230 274
231 274
232 274
233 274
234 274
235 274
236 274
237 274
238 274
239 274
240 274
240 275
240 276
240 277
240 278
240 279
240 280
240 281
240 282
240 283
240 284
240 285
240 286
240 287
240 288
240 289
240 290
240 291
240 292
240 293
240 294
240 295
240 296
240 297
240 298
240 299
240 300
240 301
240 302
240 303
240 304
240 305
240 306
240 307
240 308
240 309
240 310
240 311
240 312
240 313
240 314
240 315
240 316
240 317
240 318
240 319
240 320
240 321
240 322
240 323
240 324
240 325
240 326
240 327
240 328
240 329
240 330
240 331
240 332
240 333
240 334
240 335
240 336
240 337
240 338
240 339
240 340
240 341
240 342
240 343
240 344
240 345
240 346
240 347
240 348
240 349
240 350
240 351
240 352
240 353
240 354
240 355
240 356
240 357
240 358
240 359
240 360
240 361
240 362
240 363
240 364
240 365
240 366
240 367
240 368
240 369
240 370
240 371
240 372
240 373
240 374
240 375
240 376
240 377
240 378
240 379
240 380
240 381
240 382
240 383
240 384
240 385
240 386
240 387
240 388
240 389
240 390
240 391
240 392
240 393
240 394
240 395
240 396
239 396
238 396
237 396
236 396
235 396
234 396
233 396
232 396
231 396
230 396
229 396
228 396
227 396
226 396
225 396
224 396
223 396
222 396
221 396
220 396
219 396
218 396
217 396
216 396
215 396
214 396
213 396
212 396
211 396
210 396
209 396
208 396
207 396
206 396
205 396
204 396
203 396
202 396
201 396
200 396
199 396
198 396
197 396
196 396
195 396
194 396
193 396
192 396
191 396
190 396
189 396
188 396
187 396
186 396
185 396
184 396
184 395
184 394
184 393
184 392
184 391
184 390
184 389
184 388
184 387
184 386
184 385
184 384
184 383
184 382
184 381
184 380
184 379
184 378
184 377
184 376
184 375
184 374
184 373
184 372
184 371
184 370
184 369
184 368
184 367
184 366
184 365
184 364
184 363
184 362
184 361
184 360
184 359
184 358
184 357
184 356
184 355
184 354
184 353
184 352
184 351
184 350
184 349
184 348
184 347
184 346
184 345
184 344
184 343
184 342
184 341
184 340
184 339
184 338
184 337
184 336
184 335
184 334
184 333
184 332
184 331
184 330
184 329
184 328
184 327
184 326
184 325
184 324
184 323
184 322
184 321
184 320
184 319
184 318
184 317
184 316
184 315
184 314
184 313
184 312
184 311
184 310
184 309
184 308
184 307
184 306
184 305
184 304
184 303
184 302
184 301
184 300
184 299
184 298
184 297
184 296
184 295
184 294
184 293
184 292
184 291
184 290
184 289
184 288
184 287
184 286
184 285
184 284
184 283
184 282
184 281
184 280
184 279
184 278
184 277
184 276
184 275
contours: 3
144 245
145 245
146 245
147 245
148 245
149 245
150 245
151 245
152 245
153 245
154 245
155 245
156 245
157 245
158 245
159 245
160 245
161 245
162 245
163 245
164 245
165 245
166 245
167 245
168 245
169 245
170 245
171 245
172 245
173 245
174 245
175 245
176 245
177 245
178 245
179 245
180 245
181 245
181 246
181 247
181 248
181 249
181 250
181 251
181 252
181 253
181 254
181 255
181 256
181 257
181 258
181 259
181 260
181 261
181 262
181 263
181 264
181 265
181 266
181 267
181 268
181 269
181 270
181 271
180 271
179 271
178 271
177 271
176 271
175 271
174 271
173 271
172 271
171 271
170 271
169 271
168 271
167 271
166 271
165 271
164 271
163 271
162 271
161 271
160 271
159 271
158 271
157 271
156 271
155 271
154 271
153 271
152 271
151 271
150 271
149 271
148 271
147 271
146 271
145 271
144 271
144 270
144 269
144 268
144 267
144 266
144 265
144 264
144 263
144 262
144 261
144 260
144 259
144 258
144 257
144 256
144 255
144 254
144 253
144 252
144 251
144 250
144 249
144 248
144 247
144 246
contours: 4
123 124
124 124
125 124
126 124
127 124
128 124
129 124
130 124
131 124
132 124
133 124
134 124
135 124
136 124
137 124
138 124
139 124
140 124
141 124
142 124
143 124
144 124
145 124
146 124
147 124
148 124
149 124
150 124
151 124
152 124
153 124
154 124
155 124
156 124
157 124
158 124
159 124
160 124
161 124
162 124
163 124
164 124
165 124
166 124
167 124
168 124
169 124
170 124
171 124
172 124
173 124
174 124
175 124
176 124
177 124
178 124
179 124
180 124
181 124
182 124
183 124
184 124
185 124
186 124
187 124
188 124
189 124
190 124
191 124
192 124
193 124
194 124
195 124
196 124
197 124
198 124
199 124
200 124
201 124
202 124
203 124
204 124
205 124
206 124
207 124
208 124
209 124
210 124
211 124
212 124
212 125
212 126
212 127
212 128
212 129
212 130
212 131
212 132
212 133
212 134
212 135
212 136
212 137
212 138
212 139
212 140
212 141
212 142
212 143
212 144
212 145
212 146
212 147
212 148
212 149
212 150
212 151
212 152
212 153
212 154
212 155
212 156
212 157
212 158
212 159
212 160
212 161
212 162
212 163
212 164
212 165
212 166
212 167
212 168
212 169
212 170
212 171
212 172
212 173
212 174
212 175
212 176
212 177
212 178
212 179
212 180
212 181
212 182
212 183
212 184
212 185
212 186
212 187
212 188
212 189
212 190
211 190
210 190
209 190
208 190
207 190
206 190
205 190
204 190
203 190
202 190
201 190
200 190
199 190
198 190
197 190
196 190
195 190
194 190
193 190
192 190
191 190
190 190
189 190
188 190
187 190
186 190
185 190
184 190
183 190
182 190
181 190
180 190
179 190
178 190
177 190
176 190
175 190
174 190
173 190
172 190
171 190
170 190
169 190
168 190
167 190
166 190
165 190
164 190
163 190
162 190
161 190
160 190
159 190
158 190
157 190
156 190
155 190
154 190
153 190
152 190
151 190
150 190
149 190
148 190
147 190
146 190
145 190
144 190
143 190
142 190
141 190
140 190
139 190
138 190
137 190
136 190
135 190
134 190
133 190
132 190
131 190
130 190
129 190
128 190
127 190
126 190
125 190
124 190
123 190
123 189
123 188
123 187
123 186
123 185
123 184
123 183
123 182
123 181
123 180
123 179
123 178
123 177
123 176
123 175
123 174
123 173
123 172
123 171
123 170
123 169
123 168
123 167
123 166
123 165
123 164
123 163
123 162
123 161
123 160
123 159
123 158
123 157
123 156
123 155
123 154
123 153
123 152
123 151
123 150
123 149
123 148
123 147
123 146
123 145
123 144
123 143
123 142
123 141
123 140
123 139
123 138
123 137
123 136
123 135
123 134
123 133
123 132
123 131
123 130
123 129
123 128
123 127
123 126
123 125
contours: 5
69 64
68 65
68 66
68 67
68 68
68 69
68 70
68 71
68 72
68 73
68 74
68 75
68 76
68 77
68 78
68 79
68 80
68 81
68 82
68 83
68 84
68 85
68 86
68 87
68 88
68 89
68 90
68 91
68 92
68 93
68 94
68 95
68 96
68 97
68 98
68 99
68 100
68 101
68 102
68 103
68 104
68 105
68 106
68 107
68 108
68 109
68 110
68 111
68 112
68 113
68 114
68 115
68 116
68 117
68 118
68 119
68 120
68 121
68 122
68 123
68 124
68 125
68 126
68 127
68 128
68 129
68 130
68 131
68 132
68 133
68 134
68 135
68 136
68 137
68 138
68 139
68 140
68 141
68 142
68 143
68 144
68 145
68 146
68 147
68 148
68 149
68 150
68 151
68 152
68 153
68 154
68 155
68 156
68 157
68 158
68 159
68 160
68 161
68 162
68 163
68 164
68 165
68 166
68 167
68 168
68 169
68 170
68 171
68 172
68 173
68 174
68 175
68 176
68 177
68 178
68 179
68 180
68 181
68 182
68 183
68 184
68 185
68 186
68 187
68 188
68 189
68 190
68 191
68 192
68 193
68 194
68 195
68 196
68 197
68 198
68 199
68 200
68 201
68 202
68 203
68 204
68 205
68 206
68 207
68 208
68 209
68 210
68 211
68 212
68 213
68 214
68 215
68 216
68 217
68 218
68 219
68 220
68 221
68 222
68 223
68 224
68 225
68 226
68 227
68 228
68 229
68 230
68 231
68 232
68 233
68 234
68 235
68 236
68 237
68 238
68 239
68 240
68 241
68 242
68 243
68 244
68 245
68 246
68 247
68 248
68 249
68 250
68 251
68 252
68 253
68 254
68 255
68 256
68 257
68 258
68 259
68 260
68 261
68 262
68 263
68 264
68 265
68 266
68 267
68 268
68 269
68 270
68 271
68 272
68 273
68 274
68 275
68 276
68 277
68 278
68 279
68 280
68 281
68 282
68 283
68 284
68 285
68 286
68 287
68 288
68 289
68 290
68 291
68 292
68 293
68 294
68 295
68 296
68 297
68 298
68 299
68 300
68 301
68 302
68 303
68 304
68 305
68 306
68 307
68 308
68 309
68 310
68 311
68 312
68 313
68 314
68 315
68 316
68 317
68 318
68 319
68 320
68 321
68 322
68 323
68 324
68 325
68 326
68 327
68 328
68 329
68 330
68 331
68 332
68 333
68 334
68 335
68 336
68 337
68 338
68 339
68 340
68 341
68 342
68 343
68 344
68 345
68 346
68 347
68 348
68 349
68 350
68 351
68 352
68 353
68 354
68 355
68 356
68 357
68 358
68 359
68 360
68 361
68 362
68 363
68 364
68 365
68 366
68 367
68 368
68 369
68 370
68 371
68 372
68 373
68 374
68 375
68 376
68 377
68 378
68 379
68 380
68 381
68 382
68 383
68 384
68 385
68 386
68 387
68 388
68 389
68 390
68 391
68 392
68 393
68 394
68 395
68 396
68 397
68 398
68 399
68 400
68 401
68 402
68 403
68 404
68 405
68 406
68 407
68 408
68 409
68 410
68 411
68 412
68 413
68 414
68 415
68 416
68 417
68 418
68 419
68 420
68 421
68 422
68 423
68 424
68 425
68 426
68 427
68 428
68 429
68 430
68 431
68 432
68 433
68 434
68 435
68 436
68 437
68 438
68 439
68 440
68 441
68 442
68 443
68 444
68 445
68 446
68 447
68 448
68 449
68 450
68 451
68 452
68 453
68 454
68 455
68 456
68 457
68 458
69 459
70 459
71 459
72 459
73 459
74 459
75 459
76 459
77 459
78 459
79 459
80 459
81 459
82 459
83 459
84 459
85 459
86 459
87 459
88 459
89 459
90 459
91 459
92 459
93 459
94 459
95 459
96 459
97 459
98 459
99 459
100 459
101 459
102 459
103 459
104 459
105 459
106 459
107 459
108 459
109 459
110 459
111 459
112 459
113 459
114 459
115 459
116 459
117 459
118 459
119 459
120 459
121 459
122 459
123 459
124 459
125 459
126 459
127 459
128 459
129 459
130 459
131 459
132 459
133 459
134 459
135 459
136 459
137 459
138 459
139 459
140 459
141 459
142 459
143 459
144 459
145 459
146 459
147 459
148 459
149 459
150 459
151 459
152 459
153 459
154 459
155 459
156 459
157 459
158 459
159 459
160 459
161 459
162 459
163 459
164 459
165 459
166 459
167 459
168 459
169 459
170 459
171 459
172 459
173 459
174 459
175 459
176 459
177 459
178 459
179 459
180 459
181 459
182 459
183 459
184 459
185 459
186 459
187 459
188 459
189 459
190 459
191 459
192 459
193 459
194 459
195 459
196 459
197 459
198 459
199 459
200 459
201 459
202 459
203 459
204 459
205 459
206 459
207 459
208 459
209 459
210 459
211 459
212 459
213 459
214 459
215 459
216 459
217 459
218 459
219 459
220 459
221 459
222 459
223 459
224 459
225 459
226 459
227 459
228 459
229 459
230 459
231 459
232 459
233 459
234 459
235 459
236 459
237 459
238 459
239 459
240 459
241 459
242 459
243 459
244 459
245 459
246 459
247 459
248 459
249 459
250 459
251 459
252 459
253 459
254 459
255 459
256 459
257 459
258 459
259 459
260 459
261 459
262 459
263 459
264 459
265 459
266 459
267 459
268 459
269 459
270 459
271 459
272 459
273 459
274 459
275 459
276 459
277 459
278 459
279 459
280 459
281 459
282 459
283 459
284 459
285 459
286 459
287 459
288 459
289 459
290 459
291 459
292 459
293 459
294 459
295 459
296 459
297 459
298 459
299 459
300 459
301 459
302 459
303 459
304 459
305 459
306 459
307 459
308 459
309 459
310 459
311 459
312 459
313 459
314 459
315 459
316 459
317 459
318 459
319 459
320 459
321 459
322 459
323 459
324 459
325 459
326 459
327 459
328 459
329 459
330 459
331 459
332 459
333 459
334 459
335 459
336 459
337 459
338 459
339 459
340 459
341 459
342 459
343 459
344 459
345 459
346 459
347 459
348 459
349 459
350 459
351 459
352 459
353 459
354 459
355 459
356 459
357 459
358 459
359 459
360 459
361 459
362 459
363 459
364 459
365 459
366 459
367 459
368 459
369 459
370 459
371 459
372 459
373 459
374 459
375 459
376 459
377 459
378 459
379 459
380 459
381 459
382 459
383 459
384 459
385 459
386 459
387 459
388 459
389 459
390 459
391 459
392 459
393 459
394 459
395 459
396 459
397 459
398 459
399 459
400 459
401 459
402 459
403 459
404 459
405 459
406 459
407 459
408 459
409 459
410 459
411 459
412 459
413 459
414 459
415 459
416 459
417 459
418 459
419 459
420 459
421 459
422 459
423 459
424 459
425 459
426 459
427 459
428 459
429 459
430 459
431 459
432 459
433 459
434 459
435 459
436 459
437 459
438 459
439 459
440 459
441 459
442 459
443 459
444 459
445 459
446 459
447 459
448 459
449 459
450 459
451 459
452 459
453 459
454 459
455 459
456 459
457 459
458 459
459 459
460 459
461 459
462 459
463 459
464 459
465 459
466 459
467 459
468 459
469 458
469 457
469 456
469 455
469 454
469 453
469 452
469 451
469 450
469 449
469 448
469 447
469 446
469 445
469 444
469 443
469 442
469 441
469 440
469 439
469 438
469 437
469 436
469 435
469 434
469 433
469 432
469 431
469 430
469 429
469 428
469 427
469 426
469 425
469 424
469 423
469 422
469 421
469 420
469 419
469 418
469 417
469 416
469 415
469 414
469 413
469 412
469 411
469 410
469 409
469 408
469 407
469 406
469 405
469 404
469 403
469 402
469 401
469 400
469 399
469 398
469 397
469 396
469 395
469 394
469 393
469 392
469 391
469 390
469 389
469 388
469 387
469 386
469 385
469 384
469 383
469 382
469 381
469 380
469 379
469 378
469 377
469 376
469 375
469 374
469 373
469 372
469 371
469 370
469 369
469 368
469 367
469 366
469 365
469 364
469 363
469 362
469 361
469 360
469 359
469 358
469 357
469 356
469 355
469 354
469 353
469 352
469 351
469 350
469 349
469 348
469 347
469 346
469 345
469 344
469 343
469 342
469 341
469 340
469 339
469 338
469 337
469 336
469 335
469 334
469 333
469 332
469 331
469 330
469 329
469 328
469 327
469 326
469 325
469 324
469 323
469 322
469 321
469 320
469 319
469 318
469 317
469 316
469 315
469 314
469 313
469 312
469 311
469 310
469 309
469 308
469 307
469 306
469 305
469 304
469 303
469 302
469 301
469 300
469 299
469 298
469 297
469 296
469 295
469 294
469 293
469 292
469 291
469 290
469 289
469 288
469 287
469 286
469 285
469 284
469 283
469 282
469 281
469 280
469 279
469 278
469 277
469 276
469 275
469 274
469 273
469 272
469 271
469 270
469 269
469 268
469 267
469 266
469 265
469 264
469 263
469 262
469 261
469 260
469 259
469 258
469 257
469 256
469 255
469 254
469 253
469 252
469 251
469 250
469 249
469 248
469 247
469 246
469 245
469 244
469 243
469 242
469 241
469 240
469 239
469 238
469 237
469 236
469 235
469 234
469 233
469 232
469 231
469 230
469 229
469 228
469 227
469 226
469 225
469 224
469 223
469 222
469 221
469 220
469 219
469 218
469 217
469 216
469 215
469 214
469 213
469 212
469 211
469 210
469 209
469 208
469 207
469 206
469 205
469 204
469 203
469 202
469 201
469 200
469 199
469 198
469 197
469 196
469 195
469 194
469 193
469 192
469 191
469 190
469 189
469 188
469 187
469 186
469 185
469 184
469 183
469 182
469 181
469 180
469 179
469 178
469 177
469 176
469 175
469 174
469 173
469 172
469 171
469 170
469 169
469 168
469 167
469 166
469 165
469 164
469 163
469 162
469 161
469 160
469 159
469 158
469 157
469 156
469 155
469 154
469 153
469 152
469 151
469 150
469 149
469 148
469 147
469 146
469 145
469 144
469 143
469 142
469 141
469 140
469 139
469 138
469 137
469 136
469 135
469 134
469 133
469 132
469 131
469 130
469 129
469 128
469 127
469 126
469 125
469 124
469 123
469 122
469 121
469 120
469 119
469 118
469 117
469 116
469 115
469 114
469 113
469 112
469 111
469 110
469 109
469 108
469 107
469 106
469 105
469 104
469 103
469 102
469 101
469 100
469 99
469 98
469 97
469 96
469 95
469 94
469 93
469 92
469 91
469 90
469 89
469 88
469 87
469 86
469 85
469 84
469 83
469 82
469 81
469 80
469 79
469 78
469 77
469 76
469 75
469 74
469 73
469 72
469 71
469 70
469 69
469 68
469 67
469 66
469 65
468 64
467 64
466 64
465 64
464 64
463 64
462 64
461 64
460 64
459 64
458 64
457 64
456 64
455 64
454 64
453 64
452 64
451 64
450 64
449 64
448 64
447 64
446 64
445 64
444 64
443 64
442 64
441 64
440 64
439 64
438 64
437 64
436 64
435 64
434 64
433 64
432 64
431 64
430 64
429 64
428 64
427 64
426 64
425 64
424 64
423 64
422 64
421 64
420 64
419 64
418 64
417 64
416 64
415 64
414 64
413 64
412 64
411 64
410 64
409 64
408 64
407 64
406 64
405 64
404 64
403 64
402 64
401 64
400 64
399 64
398 64
397 64
396 64
395 64
394 64
393 64
392 64
391 64
390 64
389 64
388 64
387 64
386 64
385 64
384 64
383 64
382 64
381 64
380 64
379 64
378 64
377 64
376 64
375 64
374 64
373 64
372 64
371 64
370 64
369 64
368 64
367 64
366 64
365 64
364 64
363 64
362 64
361 64
360 64
359 64
358 64
357 64
356 64
355 64
354 64
353 64
352 64
351 64
350 64
349 64
348 64
347 64
346 64
345 64
344 64
343 64
342 64
341 64
340 64
339 64
338 64
337 64
336 64
335 64
334 64
333 64
332 64
331 64
330 64
329 64
328 64
327 64
326 64
325 64
324 64
323 64
322 64
321 64
320 64
319 64
318 64
317 64
316 64
315 64
314 64
313 64
312 64
311 64
310 64
309 64
308 64
307 64
306 64
305 64
304 64
303 64
302 64
301 64
300 64
299 64
298 64
297 64
296 64
295 64
294 64
293 64
292 64
291 64
290 64
289 64
288 64
287 64
286 64
285 64
284 64
283 64
282 64
281 64
280 64
279 64
278 64
277 64
276 64
275 64
274 64
273 64
272 64
271 64
270 64
269 64
268 64
267 64
266 64
265 64
264 64
263 64
262 64
261 64
260 64
259 64
258 64
257 64
256 64
255 64
254 64
253 64
252 64
251 64
250 64
249 64
248 64
247 64
246 64
245 64
244 64
243 64
242 64
241 64
240 64
239 64
238 64
237 64
236 64
235 64
234 64
233 64
232 64
231 64
230 64
229 64
228 64
227 64
226 64
225 64
224 64
223 64
222 64
221 64
220 64
219 64
218 64
217 64
216 64
215 64
214 64
213 64
212 64
211 64
210 64
209 64
208 64
207 64
206 64
205 64
204 64
203 64
202 64
201 64
200 64
199 64
198 64
197 64
196 64
195 64
194 64
193 64
192 64
191 64
190 64
189 64
188 64
187 64
186 64
185 64
184 64
183 64
182 64
181 64
180 64
179 64
178 64
177 64
176 64
175 64
174 64
173 64
172 64
171 64
170 64
169 64
168 64
167 64
166 64
165 64
164 64
163 64
162 64
161 64
160 64
159 64
158 64
157 64
156 64
155 64
154 64
153 64
152 64
151 64
150 64
149 64
148 64
147 64
146 64
145 64
144 64
143 64
142 64
141 64
140 64
139 64
138 64
137 64
136 64
135 64
134 64
133 64
132 64
131 64
130 64
129 64
128 64
127 64
126 64
125 64
124 64
123 64
122 64
121 64
120 64
119 64
118 64
117 64
116 64
115 64
114 64
113 64
112 64
111 64
110 64
109 64
108 64
107 64
106 64
105 64
104 64
103 64
102 64
101 64
100 64
99 64
98 64
97 64
96 64
95 64
94 64
93 64
92 64
91 64
90 64
89 64
88 64
87 64
86 64
85 64
84 64
83 64
82 64
81 64
80 64
79 64
78 64
77 64
76 64
75 64
74 64
73 64
72 64
71 64
70 64
contours: 6
0 0
1 0
2 0
3 0
4 0
5 0
6 0
7 0
8 0
9 0
10 0
11 0
12 0
13 0
14 0
15 0
16 0
17 0
18 0
19 0
20 0
21 0
22 0
23 0
24 0
25 0
26 0
27 0
28 0
29 0
30 0
31 0
32 0
33 0
34 0
35 0
36 0
37 0
38 0
39 0
40 0
41 0
42 0
43 0
44 0
45 0
46 0
47 0
48 0
49 0
50 0
51 0
52 0
53 0
54 0
55 0
56 0
57 0
58 0
59 0
60 0
61 0
62 0
63 0
64 0
65 0
66 0
67 0
68 0
69 0
70 0
71 0
72 0
73 0
74 0
75 0
76 0
77 0
78 0
79 0
80 0
81 0
82 0
83 0
84 0
85 0
86 0
87 0
88 0
89 0
90 0
91 0
92 0
93 0
94 0
95 0
96 0
97 0
98 0
99 0
100 0
101 0
102 0
103 0
104 0
105 0
106 0
107 0
108 0
109 0
110 0
111 0
112 0
113 0
114 0
115 0
116 0
117 0
118 0
119 0
120 0
121 0
122 0
123 0
124 0
125 0
126 0
127 0
128 0
129 0
130 0
131 0
132 0
133 0
134 0
135 0
136 0
137 0
138 0
139 0
140 0
141 0
142 0
143 0
144 0
145 0
146 0
147 0
148 0
149 0
150 0
151 0
152 0
153 0
154 0
155 0
156 0
157 0
158 0
159 0
160 0
161 0
162 0
163 0
164 0
165 0
166 0
167 0
168 0
169 0
170 0
171 0
172 0
173 0
174 0
175 0
176 0
177 0
178 0
179 0
180 0
181 0
182 0
183 0
184 0
185 0
186 0
187 0
188 0
189 0
190 0
191 0
192 0
193 0
194 0
195 0
196 0
197 0
198 0
199 0
200 0
201 0
202 0
203 0
204 0
205 0
206 0
207 0
208 0
209 0
210 0
211 0
212 0
213 0
214 0
215 0
216 0
217 0
218 0
219 0
220 0
221 0
222 0
223 0
224 0
225 0
226 0
227 0
228 0
229 0
230 0
231 0
232 0
233 0
234 0
235 0
236 0
237 0
238 0
239 0
240 0
241 0
242 0
243 0
244 0
245 0
246 0
247 0
248 0
249 0
250 0
251 0
252 0
253 0
254 0
255 0
256 0
257 0
258 0
259 0
260 0
261 0
262 0
263 0
264 0
265 0
266 0
267 0
268 0
269 0
270 0
271 0
272 0
273 0
274 0
275 0
276 0
277 0
278 0
279 0
280 0
281 0
282 0
283 0
284 0
285 0
286 0
287 0
288 0
289 0
290 0
291 0
292 0
293 0
294 0
295 0
296 0
297 0
298 0
299 0
300 0
301 0
302 0
303 0
304 0
305 0
306 0
307 0
308 0
309 0
310 0
311 0
312 0
313 0
314 0
315 0
316 0
317 0
318 0
319 0
320 0
321 0
322 0
323 0
324 0
325 0
326 0
327 0
328 0
329 0
330 0
331 0
332 0
333 0
334 0
335 0
336 0
337 0
338 0
339 0
340 0
341 0
342 0
343 0
344 0
345 0
346 0
347 0
348 0
349 0
350 0
351 0
352 0
353 0
354 0
355 0
356 0
357 0
358 0
359 0
360 0
361 0
362 0
363 0
364 0
365 0
366 0
367 0
368 0
369 0
370 0
371 0
372 0
373 0
374 0
375 0
376 0
377 0
378 0
379 0
380 0
381 0
382 0
383 0
384 0
385 0
386 0
387 0
388 0
389 0
390 0
391 0
392 0
393 0
394 0
395 0
396 0
397 0
398 0
399 0
400 0
401 0
402 0
403 0
404 0
405 0
406 0
407 0
408 0
409 0
410 0
411 0
412 0
413 0
414 0
415 0
416 0
417 0
418 0
419 0
420 0
421 0
422 0
423 0
424 0
425 0
426 0
427 0
428 0
429 0
430 0
431 0
432 0
433 0
434 0
435 0
436 0
437 0
438 0
439 0
440 0
441 0
442 0
443 0
444 0
445 0
446 0
447 0
448 0
449 0
450 0
451 0
452 0
453 0
454 0
455 0
456 0
457 0
458 0
459 0
460 0
461 0
462 0
463 0
464 0
465 0
466 0
467 0
468 0
469 0
470 0
471 0
472 0
473 0
474 0
475 0
476 0
477 0
478 0
479 0
480 0
481 0
482 0
483 0
484 0
485 0
486 0
487 0
488 0
489 0
490 0
491 0
492 0
493 0
494 0
495 0
496 0
497 0
498 0
499 0
500 0
501 0
502 0
503 0
504 0
505 0
506 0
507 0
508 0
509 0
510 0
511 0
512 0
513 0
514 0
515 0
516 0
517 0
518 0
519 0
520 0
521 0
522 0
523 0
524 0
525 0
526 0
526 1
526 2
526 3
526 4
526 5
526 6
526 7
526 8
526 9
526 10
526 11
526 12
526 13
526 14
526 15
526 16
526 17
526 18
526 19
526 20
526 21
526 22
526 23
526 24
526 25
526 26
526 27
526 28
526 29
526 30
526 31
526 32
526 33
526 34
526 35
526 36
526 37
526 38
526 39
526 40
526 41
526 42
526 43
526 44
526 45
526 46
526 47
526 48
526 49
526 50
526 51
526 52
526 53
526 54
526 55
526 56
526 57
526 58
526 59
526 60
526 61
526 62
526 63
526 64
526 65
526 66
526 67
526 68
526 69
526 70
526 71
526 72
526 73
526 74
526 75
526 76
526 77
526 78
526 79
526 80
526 81
526 82
526 83
526 84
526 85
526 86
526 87
526 88
526 89
526 90
526 91
526 92
526 93
526 94
526 95
526 96
526 97
526 98
526 99
526 100
526 101
526 102
526 103
526 104
526 105
526 106
526 107
526 108
526 109
526 110
526 111
526 112
526 113
526 114
526 115
526 116
526 117
526 118
526 119
526 120
526 121
526 122
526 123
526 124
526 125
526 126
526 127
526 128
526 129
526 130
526 131
526 132
526 133
526 134
526 135
526 136
526 137
526 138
526 139
526 140
526 141
526 142
526 143
526 144
526 145
526 146
526 147
526 148
526 149
526 150
526 151
526 152
526 153
526 154
526 155
526 156
526 157
526 158
526 159
526 160
526 161
526 162
526 163
526 164
526 165
526 166
526 167
526 168
526 169
526 170
526 171
526 172
526 173
526 174
526 175
526 176
526 177
526 178
526 179
526 180
526 181
526 182
526 183
526 184
526 185
526 186
526 187
526 188
526 189
526 190
526 191
526 192
526 193
526 194
526 195
526 196
526 197
526 198
526 199
526 200
526 201
526 202
526 203
526 204
526 205
526 206
526 207
526 208
526 209
526 210
526 211
526 212
526 213
526 214
526 215
526 216
526 217
526 218
526 219
526 220
526 221
526 222
526 223
526 224
526 225
526 226
526 227
526 228
526 229
526 230
526 231
526 232
526 233
526 234
526 235
526 236
526 237
526 238
526 239
526 240
526 241
526 242
526 243
526 244
526 245
526 246
526 247
526 248
526 249
526 250
526 251
526 252
526 253
526 254
526 255
526 256
526 257
526 258
526 259
526 260
526 261
526 262
526 263
526 264
526 265
526 266
526 267
526 268
526 269
526 270
526 271
526 272
526 273
526 274
526 275
526 276
526 277
526 278
526 279
526 280
526 281
526 282
526 283
526 284
526 285
526 286
526 287
526 288
526 289
526 290
526 291
526 292
526 293
526 294
526 295
526 296
526 297
526 298
526 299
526 300
526 301
526 302
526 303
526 304
526 305
526 306
526 307
526 308
526 309
526 310
526 311
526 312
526 313
526 314
526 315
526 316
526 317
526 318
526 319
526 320
526 321
526 322
526 323
526 324
526 325
526 326
526 327
526 328
526 329
526 330
526 331
526 332
526 333
526 334
526 335
526 336
526 337
526 338
526 339
526 340
526 341
526 342
526 343
526 344
526 345
526 346
526 347
526 348
526 349
526 350
526 351
526 352
526 353
526 354
526 355
526 356
526 357
526 358
526 359
526 360
526 361
526 362
526 363
526 364
526 365
526 366
526 367
526 368
526 369
526 370
526 371
526 372
526 373
526 374
526 375
526 376
526 377
526 378
526 379
526 380
526 381
526 382
526 383
526 384
526 385
526 386
526 387
526 388
526 389
526 390
526 391
526 392
526 393
526 394
526 395
526 396
526 397
526 398
526 399
526 400
526 401
526 402
526 403
526 404
526 405
526 406
526 407
526 408
526 409
526 410
526 411
526 412
526 413
526 414
526 415
526 416
526 417
526 418
526 419
526 420
526 421
526 422
526 423
526 424
526 425
526 426
526 427
526 428
526 429
526 430
526 431
526 432
526 433
526 434
526 435
526 436
526 437
526 438
526 439
526 440
526 441
526 442
526 443
526 444
526 445
526 446
526 447
526 448
526 449
526 450
526 451
526 452
526 453
526 454
526 455
526 456
526 457
526 458
526 459
526 460
526 461
526 462
526 463
526 464
526 465
526 466
526 467
526 468
526 469
526 470
526 471
526 472
526 473
526 474
526 475
526 476
526 477
526 478
526 479
526 480
526 481
526 482
526 483
526 484
526 485
526 486
526 487
526 488
526 489
526 490
526 491
526 492
526 493
526 494
526 495
526 496
526 497
526 498
526 499
526 500
526 501
526 502
526 503
526 504
526 505
526 506
526 507
526 508
526 509
526 510
526 511
526 512
526 513
526 514
526 515
526 516
526 517
526 518
526 519
526 520
526 521
526 522
526 523
526 524
526 525
526 526
525 526
524 526
523 526
522 526
521 526
520 526
519 526
518 526
517 526
516 526
515 526
514 526
513 526
512 526
511 526
510 526
509 526
508 526
507 526
506 526
505 526
504 526
503 526
502 526
501 526
500 526
499 526
498 526
497 526
496 526
495 526
494 526
493 526
492 526
491 526
490 526
489 526
488 526
487 526
486 526
485 526
484 526
483 526
482 526
481 526
480 526
479 526
478 526
477 526
476 526
475 526
474 526
473 526
472 526
471 526
470 526
469 526
468 526
467 526
466 526
465 526
464 526
463 526
462 526
461 526
460 526
459 526
458 526
457 526
456 526
455 526
454 526
453 526
452 526
451 526
450 526
449 526
448 526
447 526
446 526
445 526
444 526
443 526
442 526
441 526
440 526
439 526
438 526
437 526
436 526
435 526
434 526
433 526
432 526
431 526
430 526
429 526
428 526
427 526
426 526
425 526
424 526
423 526
422 526
421 526
420 526
419 526
418 526
417 526
416 526
415 526
414 526
413 526
412 526
411 526
410 526
409 526
408 526
407 526
406 526
405 526
404 526
403 526
402 526
401 526
400 526
399 526
398 526
397 526
396 526
395 526
394 526
393 526
392 526
391 526
390 526
389 526
388 526
387 526
386 526
385 526
384 526
383 526
382 526
381 526
380 526
379 526
378 526
377 526
376 526
375 526
374 526
373 526
372 526
371 526
370 526
369 526
368 526
367 526
366 526
365 526
364 526
363 526
362 526
361 526
360 526
359 526
358 526
357 526
356 526
355 526
354 526
353 526
352 526
351 526
350 526
349 526
348 526
347 526
346 526
345 526
344 526
343 526
342 526
341 526
340 526
339 526
338 526
337 526
336 526
335 526
334 526
333 526
332 526
331 526
330 526
329 526
328 526
327 526
326 526
325 526
324 526
323 526
322 526
321 526
320 526
319 526
318 526
317 526
316 526
315 526
314 526
313 526
312 526
311 526
310 526
309 526
308 526
307 526
306 526
305 526
304 526
303 526
302 526
301 526
300 526
299 526
298 526
297 526
296 526
295 526
294 526
293 526
292 526
291 526
290 526
289 526
288 526
287 526
286 526
285 526
284 526
283 526
282 526
281 526
280 526
279 526
278 526
277 526
276 526
275 526
274 526
273 526
272 526
271 526
270 526
269 526
268 526
267 526
266 526
265 526
264 526
263 526
262 526
261 526
260 526
259 526
258 526
257 526
256 526
255 526
254 526
253 526
252 526
251 526
250 526
249 526
248 526
247 526
246 526
245 526
244 526
243 526
242 526
241 526
240 526
239 526
238 526
237 526
236 526
235 526
234 526
233 526
232 526
231 526
230 526
229 526
228 526
227 526
226 526
225 526
224 526
223 526
222 526
221 526
220 526
219 526
218 526
217 526
216 526
215 526
214 526
213 526
212 526
211 526
210 526
209 526
208 526
207 526
206 526
205 526
204 526
203 526
202 526
201 526
200 526
199 526
198 526
197 526
196 526
195 526
194 526
193 526
192 526
191 526
190 526
189 526
188 526
187 526
186 526
185 526
184 526
183 526
182 526
181 526
180 526
179 526
178 526
177 526
176 526
175 526
174 526
173 526
172 526
171 526
170 526
169 526
168 526
167 526
166 526
165 526
164 526
163 526
162 526
161 526
160 526
159 526
158 526
157 526
156 526
155 526
154 526
153 526
152 526
151 526
150 526
149 526
148 526
147 526
146 526
145 526
144 526
143 526
142 526
141 526
140 526
139 526
138 526
137 526
136 526
135 526
134 526
133 526
132 526
131 526
130 526
129 526
128 526
127 526
126 526
125 526
124 526
123 526
122 526
121 526
120 526
119 526
118 526
117 526
116 526
115 526
114 526
113 526
112 526
111 526
110 526
109 526
108 526
107 526
106 526
105 526
104 526
103 526
102 526
101 526
100 526
99 526
98 526
97 526
96 526
95 526
94 526
93 526
92 526
91 526
90 526
89 526
88 526
87 526
86 526
85 526
84 526
83 526
82 526
81 526
80 526
79 526
78 526
77 526
76 526
75 526
74 526
73 526
72 526
71 526
70 526
69 526
68 526
67 526
66 526
65 526
64 526
63 526
62 526
61 526
60 526
59 526
58 526
57 526
56 526
55 526
54 526
53 526
52 526
51 526
50 526
49 526
48 526
47 526
46 526
45 526
44 526
43 526
42 526
41 526
40 526
39 526
38 526
37 526
36 526
35 526
34 526
33 526
32 526
31 526
30 526
29 526
28 526
27 526
26 526
25 526
24 526
23 526
22 526
21 526
20 526
19 526
18 526
17 526
16 526
15 526
14 526
13 526
12 526
11 526
10 526
9 526
8 526
7 526
6 526
5 526
4 526
3 526
2 526
1 526
0 526
0 525
0 524
0 523
0 522
0 521
0 520
0 519
0 518
0 517
0 516
0 515
0 514
0 513
0 512
0 511
0 510
0 509
0 508
0 507
0 506
0 505
0 504
0 503
0 502
0 501
0 500
0 499
0 498
0 497
0 496
0 495
0 494
0 493
0 492
0 491
0 490
0 489
0 488
0 487
0 486
0 485
0 484
0 483
0 482
0 481
0 480
0 479
0 478
0 477
0 476
0 475
0 474
0 473
0 472
0 471
0 470
0 469
0 468
0 467
0 466
0 465
0 464
0 463
0 462
0 461
0 460
0 459
0 458
0 457
0 456
0 455
0 454
0 453
0 452
0 451
0 450
0 449
0 448
0 447
0 446
0 445
0 444
0 443
0 442
0 441
0 440
0 439
0 438
0 437
0 436
0 435
0 434
0 433
0 432
0 431
0 430
0 429
0 428
0 427
0 426
0 425
0 424
0 423
0 422
0 421
0 420
0 419
0 418
0 417
0 416
0 415
0 414
0 413
0 412
0 411
0 410
0 409
0 408
0 407
0 406
0 405
0 404
0 403
0 402
0 401
0 400
0 399
0 398
0 397
0 396
0 395
0 394
0 393
0 392
0 391
0 390
0 389
0 388
0 387
0 386
0 385
0 384
0 383
0 382
0 381
0 380
0 379
0 378
0 377
0 376
0 375
0 374
0 373
0 372
0 371
0 370
0 369
0 368
0 367
0 366
0 365
0 364
0 363
0 362
0 361
0 360
0 359
0 358
0 357
0 356
0 355
0 354
0 353
0 352
0 351
0 350
0 349
0 348
0 347
0 346
0 345
0 344
0 343
0 342
0 341
0 340
0 339
0 338
0 337
0 336
0 335
0 334
0 333
0 332
0 331
0 330
0 329
0 328
0 327
0 326
0 325
0 324
0 323
0 322
0 321
0 320
0 319
0 318
0 317
0 316
0 315
0 314
0 313
0 312
0 311
0 310
0 309
0 308
0 307
0 306
0 305
0 304
0 303
0 302
0 301
0 300
0 299
0 298
0 297
0 296
0 295
0 294
0 293
0 292
0 291
0 290
0 289
0 288
0 287
0 286
0 285
0 284
0 283
0 282
0 281
0 280
0 279
0 278
0 277
0 276
0 275
0 274
0 273
0 272
0 271
0 270
0 269
0 268
0 267
0 266
0 265
0 264
0 263
0 262
0 261
0 260
0 259
0 258
0 257
0 256
0 255
0 254
0 253
0 252
0 251
0 250
0 249
0 248
0 247
0 246
0 245
0 244
0 243
0 242
0 241
0 240
0 239
0 238
0 237
0 236
0 235
0 234
0 233
0 232
0 231
0 230
0 229
0 228
0 227
0 226
0 225
0 224
0 223
0 222
0 221
0 220
0 219
0 218
0 217
0 216
0 215
0 214
0 213
0 212
0 211
0 210
0 209
0 208
0 207
0 206
0 205
0 204
0 203
0 202
0 201
0 200
0 199
0 198
0 197
0 196
0 195
0 194
0 193
0 192
0 191
0 190
0 189
0 188
0 187
0 186
0 185
0 184
0 183
0 182
0 181
0 180
0 179
0 178
0 177
0 176
0 175
0 174
0 173
0 172
0 171
0 170
0 169
0 168
0 167
0 166
0 165
0 164
0 163
0 162
0 161
0 160
0 159
0 158
0 157
0 156
0 155
0 154
0 153
0 152
0 151
0 150
0 149
0 148
0 147
0 146
0 145
0 144
0 143
0 142
0 141
0 140
0 139
0 138
0 137
0 136
0 135
0 134
0 133
0 132
0 131
0 130
0 129
0 128
0 127
0 126
0 125
0 124
0 123
0 122
0 121
0 120
0 119
0 118
0 117
0 116
0 115
0 114
0 113
0 112
0 111
0 110
0 109
0 108
0 107
0 106
0 105
0 104
0 103
0 102
0 101
0 100
0 99
0 98
0 97
0 96
0 95
0 94
0 93
0 92
0 91
0 90
0 89
0 88
0 87
0 86
0 85
0 84
0 83
0 82
0 81
0 80
0 79
0 78
0 77
0 76
0 75
0 74
0 73
0 72
0 71
0 70
0 69
0 68
0 67
0 66
0 65
0 64
0 63
0 62
0 61
0 60
0 59
0 58
0 57
0 56
0 55
0 54
0 53
0 52
0 51
0 50
0 49
0 48
0 47
0 46
0 45
0 44
0 43
0 42
0 41
0 40
0 39
0 38
0 37
0 36
0 35
0 34
0 33
0 32
0 31
0 30
0 29
0 28
0 27
0 26
0 25
0 24
0 23
0 22
0 21
0 20
0 19
0 18
0 17
0 16
0 15
0 14
0 13
0 12
0 11
0 10
0 9
0 8
0 7
0 6
0 5
0 4
0 3
0 2
0 1
